v1  Ic1 v2  Ic2 v3  Ic3 v4  Ic4 v5  Ic5
0.0011800893530286391	-0.000003368945793663777	0.0014492352498018438	-0.000021077207212055618	0.0014897377876657717	-0.000035185690015994656	0.0014923508546247348	-0.00005031476375313372	0.0018359691597283887	-0.000051530140599445474
0.09942618087612505	0.0009186856517471101	0.09807261219138219	0.001042258352159775	0.09989783946221792	0.0013841044232514948	0.09973974891120062	0.0015996112773430271	0.09972537704292639	0.0018310931790500849
0.19753508638387576	0.0034048909588026755	0.1999952889257396	0.003905806245141391	0.1990010169478542	0.004586824067709513	0.19777940814453893	0.00503756466210144	0.1979780012334202	0.005334911815023549
0.29573936883562885	0.00449910280205632	0.297215751667443	0.006186824541358366	0.2987613807736697	0.007522481421344584	0.29765082731611037	0.008199422934255223	0.2957563537708621	0.008593073148932411
0.3970845577720555	0.0045815712192322335	0.40010003704269936	0.007327606354446547	0.39508033541453086	0.009090527721948367	0.39791028693108804	0.010557093861257045	0.39740335194104903	0.011561977483487118
0.49760663061640925	0.004622742093555732	0.5003999991955405	0.007916097367609648	0.49773728396435724	0.010260964211437722	0.4939300454051479	0.01227388811383412	0.4996722600474692	0.013928230130619551
0.5884159335742963	0.0046071012616410775	0.5987571460643928	0.008226953999276532	0.598154834130352	0.01083684102373168	0.5949303095029914	0.013117043100051995	0.5919448805023759	0.014838140542938772
0.6899309718630556	0.004667221535842825	0.6988950980657784	0.008347781172108982	0.6994255506584481	0.011405862561815827	0.6970960014645325	0.013848469923802186	0.6921886617155992	0.015740401351902533
0.7911232963823827	0.004667810147976859	0.8007524481261616	0.008256432877850628	0.8003918448858252	0.011586724991694275	0.7988984771187776	0.014334995325850341	0.7946731478461344	0.016398206208192777
0.8931583349959757	0.0049097787612489615	0.9012549229683229	0.008302095188341218	0.900893013194507	0.011673127129780803	0.8997811532034684	0.014036518809705033	0.8964939149690919	0.016543772967768034
0.99342563381183	0.005117331713081152	0.9943812308293477	0.007862262270276376	0.9897708519447318	0.01113432520528248	0.9993664415430331	0.014351603788325885	0.9986177978592908	0.01704374012974772
1.0875361466486384	0.005069818435528473	1.1003252113628132	0.008756929850250872	1.0993778732358377	0.011936203484745311	1.089746602278248	0.015614263881619017	1.0915465447195027	0.017991719273312466
1.1934485492445381	0.004886222492280457	1.2001430720085022	0.008752563777054667	1.2004904293217267	0.012305017618542325	1.1975536811281011	0.01549133341365141	1.198343129567248	0.018670427872375737
1.2976241652743161	0.004810300579121485	1.2979399446499749	0.008754513291371424	1.2992977959653071	0.012154105915725544	1.2990451724647798	0.015293376993235741	1.3022661220964977	0.01863855891244457
1.4005050858638919	0.004715550261815316	1.4029365870564632	0.008577994033346515	1.40227345036758	0.011883281883942165	1.400662975551721	0.015577085216787134	1.4028102753062004	0.018381081120586028
1.4972283086281246	0.00483986798034135	1.5009860831984623	0.008673950787259544	1.4998176995085253	0.011999197999455525	1.503228116765638	0.015551043626233963	1.498523004068325	0.018474797337816783
1.5981829750261827	0.004844523233070053	1.6007092100314515	0.00827157119595645	1.598246130901314	0.012058559853309836	1.5990040014028952	0.015238500881709416	1.5980882412134856	0.018590951808296396
1.6998007781131232	0.00476887419948564	1.7007165383025338	0.008597022786836318	1.6989797517364116	0.011933328031281887	1.7007481162401001	0.01517240906317847	1.6964850946687076	0.018657880203690812
1.7986713006318362	0.004614411826763409	1.8000291519471674	0.008713224928309015	1.7986397226942694	0.012257134153804139	1.7993344373207196	0.01548931603806598	1.7983870991937425	0.01870526676822106
1.9017732667843739	0.004823417924798701	1.8971944658373252	0.008284486554109138	1.8998154346552907	0.011949524537989387	1.9042995017896434	0.0153724496562607	1.9000049022806857	0.01864787408686519
1.9999806526142014	0.004811496818265049	1.9984017557359093	0.008694447348728018	1.999033314487226	0.012340288706899672	1.9972333720459718	0.015599126908221007	1.9968228588576167	0.018815947224457074
2.100872163137128	0.005284649650806062	2.1016616115762745	0.008602974821752252	2.1010616307625227	0.012388533349308428	2.100587961699036	0.01546978387257183	2.0990406427583093	0.018475687892819302
2.1978164314643225	0.004824476352019724	2.1996163739055756	0.008656080267289524	2.201447894284396	0.012759969387733338	2.199332172467484	0.015857889974063833	2.20103738109604	0.019043944397800994
2.297602714172444	0.005228836624024158	2.2980763832359328	0.008764143815303261	2.299465812488829	0.01226927842143528	2.300697352053898	0.015682026601741096	2.2997815918644884	0.018727610990223197
2.395873255877405	0.0046696637777361	2.4001678553863623	0.008613077591303942	2.3991257834466877	0.011866565133179473	2.4019046419524828	0.016039651198511872	2.4002625891990594	0.01906080829841348
2.4967963443378967	0.005218746673414642	2.4977121045273067	0.008834583359588333	2.4982805074034924	0.012487276194401663	2.4979963059654	0.015986297405196304	2.4991015337802054	0.01947230607301891
2.5964247373581895	0.004967882003231905	2.600877226554976	0.009015323834996725	2.597372075485166	0.012457005031834844	2.597087874047072	0.016105026109310926	2.5991720179264193	0.019420847611230353
2.7015792694525067	0.0054495317807719875	2.647486262402188	0.008947399181429372	2.6981372742578276	0.012267484739040446	2.7012950680144154	0.015841852452851503	2.701389801827113	0.019225953642584948
2.798491959842133	0.005362014308053142	2.746388362858466	0.008468279120103483	2.8038286312907643	0.012234580163642938	2.8012076624727977	0.01619057572027094	2.7994392979691103	0.018949063886457295
2.8976782617365044	0.004983848304951665	2.8477219645073144	0.008722125561845928	2.8973624823608457	0.012300185279429643	2.8992571586147973	0.015768618135313474	2.9010886789936166	0.019438791440078873
3.0002118250128564	0.004922201396995352	2.9485187412175424	0.008978498566229875	3.002295968892204	0.012101656807094985	2.999611844199106	0.015833914208735457	3.0026749041429928	0.019281112094404175
