time	voltage
0.000000000000000e+00	0.000000e+00
4.484860991526929e-03	-2.390268e-07
8.969721983053857e-03	-3.004561e-07
1.345458297458079e-02	-1.842878e-07
1.793944396610771e-02	1.094779e-07
2.242430495763464e-02	5.808412e-07
2.690916594916157e-02	1.229802e-06
3.139402694068849e-02	2.056360e-06
3.474224122640278e-02	-3.914626e-05
3.809045551211707e-02	-4.351078e-05
4.143866979783135e-02	-1.103720e-05
4.478688408354564e-02	5.827449e-05
4.813509836925993e-02	1.644243e-04
5.148331265497421e-02	3.074122e-04
5.483152694068849e-02	4.872382e-04
5.873777694068849e-02	1.167476e-03
6.069090194068849e-02	1.790881e-03
6.264402694068849e-02	2.723634e-03
6.459715194068849e-02	4.095793e-03
6.655027694068849e-02	6.070226e-03
6.850340194068849e-02	8.833945e-03
7.045652694068849e-02	1.257837e-02
7.240965194068849e-02	1.747015e-02
7.436277694068849e-02	2.362275e-02
7.631590194068849e-02	3.107828e-02
7.826902694068849e-02	3.980744e-02
8.022215194068849e-02	4.972398e-02
8.217527694068849e-02	6.070635e-02
8.412840194068849e-02	7.261863e-02
8.608152694068849e-02	8.532527e-02
8.998777694068849e-02	1.126315e-01
9.584715194068849e-02	1.568485e-01
9.975340194068849e-02	1.881511e-01
1.036596519406885e-01	2.194805e-01
1.075659019406885e-01	2.508369e-01
1.114721519406885e-01	2.822201e-01
1.153784019406885e-01	3.136303e-01
1.192846519406885e-01	3.450673e-01
1.231909019406885e-01	3.765312e-01
1.323984912264028e-01	4.490634e-01
1.416060805121171e-01	5.170430e-01
1.508136697978314e-01	5.804701e-01
1.600212590835456e-01	6.393445e-01
1.692288483692599e-01	6.936664e-01
1.784364376549742e-01	7.434358e-01
1.876440269406885e-01	7.886525e-01
2.085703662264028e-01	8.677166e-01
2.294967055121171e-01	9.150269e-01
2.504230447978314e-01	9.305833e-01
2.713493840835456e-01	9.143860e-01
2.922757233692599e-01	8.664348e-01
3.132020626549742e-01	7.867299e-01
3.341284019406885e-01	6.752711e-01
3.413828662264028e-01	6.303401e-01
3.486373305121171e-01	5.830752e-01
3.558917947978313e-01	5.334763e-01
3.631462590835456e-01	4.815435e-01
3.704007233692599e-01	4.272767e-01
3.776551876549742e-01	3.706759e-01
3.849096519406885e-01	3.117412e-01
3.879788483692599e-01	2.866120e-01
3.910480447978313e-01	2.616615e-01
3.941172412264028e-01	2.368894e-01
3.971864376549742e-01	2.122959e-01
4.002556340835456e-01	1.878809e-01
4.033248305121171e-01	1.636445e-01
4.063940269406885e-01	1.395866e-01
4.103002769406885e-01	1.105474e-01
4.142065269406885e-01	8.340877e-02
4.161596519406885e-01	7.081148e-02
4.181127769406885e-01	5.902791e-02
4.200659019406885e-01	4.819408e-02
4.220190269406885e-01	3.844494e-02
4.239721519406885e-01	2.989820e-02
4.259252769406885e-01	2.263337e-02
4.278784019406885e-01	1.667038e-02
4.298315269406885e-01	1.195624e-02
4.317846519406885e-01	8.368105e-03
4.337377769406885e-01	5.733371e-03
4.356909019406885e-01	3.859460e-03
4.376440269406885e-01	2.561808e-03
4.395971519406885e-01	1.682073e-03
4.435034019406885e-01	7.088780e-04
4.493627769406885e-01	1.873076e-04
4.557801876549742e-01	1.083065e-04
4.621975983692599e-01	4.671970e-05
4.686150090835456e-01	2.547186e-06
4.750324197978313e-01	-2.421104e-05
4.814498305121171e-01	-3.355498e-05
4.878672412264028e-01	-2.548463e-05
4.942846519406885e-01	0.000000e+00
4.965167947978313e-01	-7.602633e-10
4.987489376549742e-01	-9.123160e-10
5.009810805121171e-01	-4.561580e-10
5.032132233692599e-01	6.082107e-10
5.054453662264028e-01	2.280790e-09
5.076775090835456e-01	4.561580e-09
5.099096519406885e-01	7.450581e-09
5.157690269406885e-01	-2.626345e-05
5.216284019406885e-01	-3.425093e-05
5.274877769406885e-01	-2.395499e-05
5.333471519406885e-01	4.624378e-06
5.392065269406885e-01	5.148716e-05
5.450659019406885e-01	1.166334e-04
5.509252769406885e-01	2.000630e-04
5.567846519406885e-01	7.560849e-04
5.587377769406885e-01	1.167476e-03
5.606909019406885e-01	1.790881e-03
5.626440269406885e-01	2.723634e-03
5.645971519406885e-01	4.095793e-03
5.665502769406885e-01	6.070226e-03
5.685034019406885e-01	8.833945e-03
5.704565269406885e-01	1.257837e-02
5.724096519406885e-01	1.747015e-02
5.743627769406885e-01	2.362275e-02
5.763159019406885e-01	3.107828e-02
5.782690269406885e-01	3.980744e-02
5.802221519406885e-01	4.972398e-02
5.821752769406885e-01	6.070635e-02
5.841284019406885e-01	7.261863e-02
5.860815269406885e-01	8.532527e-02
5.899877769406885e-01	1.126315e-01
5.958471519406885e-01	1.568485e-01
5.997534019406885e-01	1.881511e-01
6.036596519406885e-01	2.194805e-01
6.075659019406885e-01	2.508369e-01
6.114721519406885e-01	2.822201e-01
6.153784019406885e-01	3.136303e-01
6.192846519406885e-01	3.450673e-01
6.231909019406885e-01	3.765312e-01
6.323984912264028e-01	4.490634e-01
6.416060805121171e-01	5.170430e-01
6.508136697978314e-01	5.804701e-01
6.600212590835457e-01	6.393445e-01
6.692288483692599e-01	6.936664e-01
6.784364376549742e-01	7.434358e-01
6.876440269406885e-01	7.886525e-01
7.085703662264028e-01	8.677166e-01
7.294967055121171e-01	9.150269e-01
7.504230447978314e-01	9.305833e-01
7.713493840835457e-01	9.143860e-01
7.922757233692599e-01	8.664348e-01
8.132020626549743e-01	7.867299e-01
8.341284019406885e-01	6.752711e-01
8.413828662264028e-01	6.303401e-01
8.486373305121171e-01	5.830752e-01
8.558917947978314e-01	5.334763e-01
8.631462590835457e-01	4.815435e-01
8.704007233692599e-01	4.272767e-01
8.776551876549742e-01	3.706759e-01
8.849096519406885e-01	3.117412e-01
8.879788483692599e-01	2.866120e-01
8.910480447978314e-01	2.616615e-01
8.941172412264028e-01	2.368894e-01
8.971864376549742e-01	2.122959e-01
9.002556340835456e-01	1.878809e-01
9.033248305121171e-01	1.636445e-01
9.063940269406885e-01	1.395866e-01
9.103002769406885e-01	1.105474e-01
9.142065269406885e-01	8.340877e-02
9.161596519406885e-01	7.081148e-02
9.181127769406885e-01	5.902791e-02
9.200659019406885e-01	4.819408e-02
9.220190269406885e-01	3.844494e-02
9.239721519406885e-01	2.989820e-02
9.259252769406885e-01	2.263337e-02
9.278784019406885e-01	1.667038e-02
9.298315269406885e-01	1.195624e-02
9.317846519406885e-01	8.368105e-03
9.337377769406885e-01	5.733371e-03
9.356909019406885e-01	3.859460e-03
9.376440269406885e-01	2.561808e-03
9.395971519406885e-01	1.682073e-03
9.435034019406885e-01	7.088780e-04
9.493627769406885e-01	1.873076e-04
9.557801876549742e-01	1.083065e-04
9.621975983692599e-01	4.671970e-05
9.686150090835457e-01	2.547186e-06
9.750324197978314e-01	-2.421104e-05
9.814498305121171e-01	-3.355498e-05
9.878672412264028e-01	-2.548463e-05
9.942846519406885e-01	0.000000e+00
9.965167947978314e-01	-7.602633e-10
9.987489376549742e-01	-9.123160e-10
1.000981080512117e+00	-4.561580e-10
1.003213223369260e+00	6.082107e-10
1.005445366226403e+00	2.280790e-09
1.007677509083546e+00	4.561580e-09
1.009909651940688e+00	7.450581e-09
1.015769026940688e+00	-2.626345e-05
1.021628401940688e+00	-3.425093e-05
1.027487776940688e+00	-2.395499e-05
1.033347151940688e+00	4.624378e-06
1.039206526940688e+00	5.148716e-05
1.045065901940688e+00	1.166334e-04
1.050925276940688e+00	2.000630e-04
1.056784651940688e+00	7.560849e-04
1.058737776940688e+00	1.167476e-03
1.060690901940688e+00	1.790881e-03
1.062644026940688e+00	2.723634e-03
1.064597151940688e+00	4.095793e-03
1.066550276940688e+00	6.070226e-03
1.068503401940688e+00	8.833945e-03
1.070456526940688e+00	1.257837e-02
1.072409651940688e+00	1.747015e-02
1.074362776940688e+00	2.362275e-02
1.076315901940688e+00	3.107828e-02
1.078269026940688e+00	3.980744e-02
1.080222151940688e+00	4.972398e-02
1.082175276940688e+00	6.070635e-02
1.084128401940688e+00	7.261863e-02
1.086081526940688e+00	8.532527e-02
1.089987776940688e+00	1.126315e-01
1.095847151940688e+00	1.568485e-01
1.099753401940688e+00	1.881511e-01
1.103659651940688e+00	2.194805e-01
1.107565901940688e+00	2.508369e-01
1.111472151940688e+00	2.822201e-01
1.115378401940688e+00	3.136303e-01
1.119284651940688e+00	3.450673e-01
1.123190901940688e+00	3.765312e-01
1.132398491226403e+00	4.490634e-01
1.141606080512117e+00	5.170430e-01
1.150813669797831e+00	5.804701e-01
1.160021259083546e+00	6.393445e-01
1.169228848369260e+00	6.936664e-01
1.178436437654974e+00	7.434358e-01
1.187644026940688e+00	7.886525e-01
1.208570366226403e+00	8.677166e-01
1.229496705512117e+00	9.150269e-01
1.250423044797831e+00	9.305833e-01
1.271349384083546e+00	9.143860e-01
1.292275723369260e+00	8.664348e-01
1.313202062654974e+00	7.867299e-01
1.334128401940688e+00	6.752711e-01
1.341382866226403e+00	6.303401e-01
1.348637330512117e+00	5.830752e-01
1.355891794797831e+00	5.334763e-01
1.363146259083546e+00	4.815435e-01
1.370400723369260e+00	4.272767e-01
1.377655187654974e+00	3.706759e-01
1.384909651940688e+00	3.117412e-01
1.387978848369260e+00	2.866120e-01
1.391048044797831e+00	2.616615e-01
1.394117241226403e+00	2.368894e-01
1.397186437654974e+00	2.122959e-01
1.400255634083546e+00	1.878809e-01
1.403324830512117e+00	1.636445e-01
1.406394026940688e+00	1.395866e-01
1.410300276940688e+00	1.105474e-01
1.414206526940688e+00	8.340877e-02
1.416159651940688e+00	7.081148e-02
1.418112776940688e+00	5.902791e-02
1.420065901940688e+00	4.819408e-02
1.422019026940688e+00	3.844494e-02
1.423972151940688e+00	2.989820e-02
1.425925276940688e+00	2.263337e-02
1.427878401940688e+00	1.667038e-02
1.429831526940688e+00	1.195624e-02
1.431784651940688e+00	8.368105e-03
1.433737776940688e+00	5.733371e-03
1.435690901940688e+00	3.859460e-03
1.437644026940688e+00	2.561808e-03
1.439597151940688e+00	1.682073e-03
1.443503401940688e+00	7.088780e-04
1.449362776940688e+00	1.873076e-04
1.455780187654974e+00	1.083065e-04
1.462197598369260e+00	4.671970e-05
1.468615009083546e+00	2.547186e-06
1.475032419797831e+00	-2.421104e-05
1.481449830512117e+00	-3.355498e-05
1.487867241226403e+00	-2.548463e-05
1.494284651940688e+00	0.000000e+00
1.496516794797831e+00	-7.602633e-10
1.498748937654974e+00	-9.123160e-10
1.500981080512117e+00	-4.561580e-10
1.503213223369260e+00	6.082107e-10
1.505445366226403e+00	2.280790e-09
1.507677509083546e+00	4.561580e-09
1.509909651940688e+00	7.450581e-09
1.515769026940688e+00	-2.626345e-05
1.521628401940688e+00	-3.425093e-05
1.527487776940688e+00	-2.395499e-05
1.533347151940688e+00	4.624378e-06
1.539206526940688e+00	5.148716e-05
1.545065901940688e+00	1.166334e-04
1.550925276940688e+00	2.000630e-04
1.556784651940688e+00	7.560849e-04
1.558737776940688e+00	1.167476e-03
1.560690901940688e+00	1.790881e-03
1.562644026940688e+00	2.723634e-03
1.564597151940688e+00	4.095793e-03
1.566550276940688e+00	6.070226e-03
1.568503401940688e+00	8.833945e-03
1.570456526940688e+00	1.257837e-02
1.572409651940688e+00	1.747015e-02
1.574362776940688e+00	2.362275e-02
1.576315901940688e+00	3.107828e-02
1.578269026940688e+00	3.980744e-02
1.580222151940688e+00	4.972398e-02
1.582175276940688e+00	6.070635e-02
1.584128401940688e+00	7.261863e-02
1.586081526940688e+00	8.532527e-02
1.589987776940688e+00	1.126315e-01
1.595847151940688e+00	1.568485e-01
1.599753401940688e+00	1.881511e-01
1.603659651940688e+00	2.194805e-01
1.607565901940688e+00	2.508369e-01
1.611472151940688e+00	2.822201e-01
1.615378401940688e+00	3.136303e-01
1.619284651940688e+00	3.450673e-01
1.623190901940688e+00	3.765312e-01
1.632398491226403e+00	4.490634e-01
1.641606080512117e+00	5.170430e-01
1.650813669797831e+00	5.804701e-01
1.660021259083546e+00	6.393445e-01
1.669228848369260e+00	6.936664e-01
1.678436437654974e+00	7.434358e-01
1.687644026940688e+00	7.886525e-01
1.708570366226403e+00	8.677166e-01
1.729496705512117e+00	9.150269e-01
1.750423044797831e+00	9.305833e-01
1.771349384083546e+00	9.143860e-01
1.792275723369260e+00	8.664348e-01
1.813202062654974e+00	7.867299e-01
1.834128401940688e+00	6.752711e-01
1.841382866226403e+00	6.303401e-01
1.848637330512117e+00	5.830752e-01
1.855891794797831e+00	5.334763e-01
1.863146259083546e+00	4.815435e-01
1.870400723369260e+00	4.272767e-01
1.877655187654974e+00	3.706759e-01
1.884909651940688e+00	3.117412e-01
1.887978848369260e+00	2.866120e-01
1.891048044797831e+00	2.616615e-01
1.894117241226403e+00	2.368894e-01
1.897186437654974e+00	2.122959e-01
1.900255634083546e+00	1.878809e-01
1.903324830512117e+00	1.636445e-01
1.906394026940688e+00	1.395866e-01
1.910300276940688e+00	1.105474e-01
1.914206526940688e+00	8.340877e-02
1.916159651940688e+00	7.081148e-02
1.918112776940688e+00	5.902791e-02
1.920065901940688e+00	4.819408e-02
1.922019026940688e+00	3.844494e-02
1.923972151940688e+00	2.989820e-02
1.925925276940688e+00	2.263337e-02
1.927878401940688e+00	1.667038e-02
1.929831526940688e+00	1.195624e-02
1.931784651940688e+00	8.368105e-03
1.933737776940688e+00	5.733371e-03
1.935690901940688e+00	3.859460e-03
1.937644026940688e+00	2.561808e-03
1.939597151940688e+00	1.682073e-03
1.943503401940688e+00	7.088780e-04
1.949362776940688e+00	1.873076e-04
1.957175276940688e+00	3.060699e-05
1.962755634083546e+00	1.790675e-05
1.968335991226403e+00	7.982537e-06
1.973916348369260e+00	8.343510e-07
1.979496705512117e+00	-3.537809e-06
1.985077062654974e+00	-5.133944e-06
1.990657419797831e+00	-3.954054e-06
1.996237776940688e+00	1.862645e-09
1.998190901940688e+00	0.000000e+00
2.000000000000000e+00	-3.673264e-18
