time	voltage
0.000000000000000e+00	0.000000e+00
4.484860991526929e-03	5.646199e-02
8.969721983053857e-03	1.127679e-01
1.345458297458079e-02	1.689176e-01
1.793944396610771e-02	2.249113e-01
2.242430495763464e-02	2.807488e-01
2.690916594916157e-02	3.364303e-01
3.139402694068849e-02	3.919556e-01
3.474224122640278e-02	4.331698e-01
3.809045551211707e-02	4.741472e-01
4.143866979783135e-02	5.148880e-01
4.478688408354564e-02	5.553919e-01
4.813509836925993e-02	5.956592e-01
5.148331265497421e-02	6.356897e-01
5.483152694068849e-02	6.754835e-01
5.873777694068849e-02	7.214784e-01
6.069090194068849e-02	7.443146e-01
6.264402694068849e-02	7.670387e-01
6.459715194068849e-02	7.896473e-01
6.655027694068849e-02	8.121369e-01
6.850340194068849e-02	8.345043e-01
7.045652694068849e-02	8.567460e-01
7.240965194068849e-02	8.788586e-01
7.436277694068849e-02	9.008389e-01
7.631590194068849e-02	9.226836e-01
7.826902694068849e-02	9.443893e-01
8.022215194068849e-02	9.659528e-01
8.217527694068849e-02	9.873707e-01
8.412840194068849e-02	1.008640e+00
8.608152694068849e-02	1.029757e+00
8.803465194068849e-02	1.050720e+00
8.998777694068849e-02	1.071524e+00
9.194090194068849e-02	1.092167e+00
9.389402694068849e-02	1.112645e+00
9.584715194068849e-02	1.132956e+00
9.780027694068849e-02	1.153096e+00
9.975340194068849e-02	1.173062e+00
1.017065269406885e-01	1.192852e+00
1.036596519406885e-01	1.212462e+00
1.056127769406885e-01	1.231889e+00
1.075659019406885e-01	1.251132e+00
1.095190269406885e-01	1.270185e+00
1.114721519406885e-01	1.289047e+00
1.134252769406885e-01	1.307716e+00
1.153784019406885e-01	1.326187e+00
1.173315269406885e-01	1.344458e+00
1.192846519406885e-01	1.362527e+00
1.212377769406885e-01	1.380391e+00
1.231909019406885e-01	1.398047e+00
1.251440269406885e-01	1.415493e+00
1.270971519406885e-01	1.432725e+00
1.290502769406885e-01	1.449742e+00
1.310034019406885e-01	1.466540e+00
1.329565269406885e-01	1.483117e+00
1.349096519406885e-01	1.499471e+00
1.368627769406885e-01	1.515599e+00
1.388159019406885e-01	1.531499e+00
1.407690269406885e-01	1.547168e+00
1.427221519406885e-01	1.562605e+00
1.446752769406885e-01	1.577806e+00
1.485815269406885e-01	1.607493e+00
1.544409019406885e-01	1.650202e+00
1.575100983692599e-01	1.671703e+00
1.605792947978313e-01	1.692564e+00
1.636484912264028e-01	1.712784e+00
1.667176876549742e-01	1.732364e+00
1.697868840835456e-01	1.751303e+00
1.728560805121171e-01	1.769603e+00
1.759252769406885e-01	1.787262e+00
1.829007233692599e-01	1.825010e+00
1.898761697978313e-01	1.859110e+00
1.968516162264028e-01	1.889562e+00
2.038270626549742e-01	1.916366e+00
2.108025090835456e-01	1.939522e+00
2.177779555121171e-01	1.959030e+00
2.247534019406885e-01	1.974890e+00
2.364721519406885e-01	1.992649e+00
2.481909019406885e-01	1.999686e+00
2.599096519406885e-01	1.996002e+00
2.716284019406885e-01	1.981596e+00
2.833471519406885e-01	1.956468e+00
2.950659019406885e-01	1.920618e+00
3.067846519406885e-01	1.874047e+00
3.112489376549742e-01	1.853671e+00
3.157132233692599e-01	1.831883e+00
3.201775090835456e-01	1.808683e+00
3.246417947978313e-01	1.784071e+00
3.291060805121171e-01	1.758046e+00
3.335703662264028e-01	1.730609e+00
3.380346519406885e-01	1.701760e+00
3.402667947978313e-01	1.686849e+00
3.424989376549742e-01	1.671614e+00
3.447310805121170e-01	1.656055e+00
3.469632233692599e-01	1.640172e+00
3.491953662264028e-01	1.623964e+00
3.514275090835456e-01	1.607433e+00
3.536596519406885e-01	1.590577e+00
3.556127769406885e-01	1.575579e+00
3.575659019406885e-01	1.560343e+00
3.595190269406885e-01	1.544872e+00
3.614721519406885e-01	1.529169e+00
3.634252769406885e-01	1.513235e+00
3.653784019406885e-01	1.497073e+00
3.673315269406885e-01	1.480686e+00
3.692846519406885e-01	1.464076e+00
3.712377769406885e-01	1.447246e+00
3.731909019406885e-01	1.430197e+00
3.751440269406885e-01	1.412933e+00
3.770971519406885e-01	1.395457e+00
3.790502769406885e-01	1.377770e+00
3.810034019406885e-01	1.359875e+00
3.829565269406885e-01	1.341776e+00
3.849096519406885e-01	1.323475e+00
3.868627769406885e-01	1.304975e+00
3.888159019406885e-01	1.286278e+00
3.907690269406885e-01	1.267387e+00
3.927221519406885e-01	1.248305e+00
3.946752769406885e-01	1.229036e+00
3.966284019406885e-01	1.209581e+00
3.985815269406885e-01	1.189944e+00
4.005346519406885e-01	1.170128e+00
4.024877769406885e-01	1.150136e+00
4.044409019406885e-01	1.129971e+00
4.063940269406885e-01	1.109635e+00
4.083471519406885e-01	1.089132e+00
4.103002769406885e-01	1.068466e+00
4.122534019406885e-01	1.047638e+00
4.142065269406885e-01	1.026653e+00
4.161596519406885e-01	1.005513e+00
4.181127769406885e-01	9.842212e-01
4.200659019406885e-01	9.627815e-01
4.220190269406885e-01	9.411969e-01
4.239721519406885e-01	9.194705e-01
4.259252769406885e-01	8.976057e-01
4.278784019406885e-01	8.756056e-01
4.298315269406885e-01	8.534737e-01
4.317846519406885e-01	8.312133e-01
4.337377769406885e-01	8.088277e-01
4.356909019406885e-01	7.863203e-01
4.376440269406885e-01	7.636944e-01
4.395971519406885e-01	7.409536e-01
4.415502769406885e-01	7.181011e-01
4.454565269406885e-01	6.720753e-01
4.493627769406885e-01	6.255734e-01
4.532690269406885e-01	5.787657e-01
4.571752769406885e-01	5.316522e-01
4.610815269406885e-01	4.842330e-01
4.649877769406885e-01	4.365079e-01
4.688940269406885e-01	3.884770e-01
4.728002769406885e-01	3.401404e-01
4.767065269406885e-01	2.915970e-01
4.806127769406885e-01	2.429514e-01
4.845190269406885e-01	1.942035e-01
4.884252769406885e-01	1.453535e-01
4.923315269406885e-01	9.640123e-02
4.962377769406885e-01	4.734677e-02
5.001440269406885e-01	-1.809896e-03
5.048873305121171e-01	-6.153806e-02
5.096306340835456e-01	-1.210798e-01
5.143739376549742e-01	-1.804353e-01
5.191172412264028e-01	-2.396043e-01
5.238605447978314e-01	-2.985870e-01
5.286038483692599e-01	-3.573833e-01
5.333471519406885e-01	-4.159932e-01
5.364163483692599e-01	-4.536733e-01
5.394855447978314e-01	-4.911500e-01
5.425547412264028e-01	-5.284233e-01
5.456239376549742e-01	-5.654934e-01
5.486931340835456e-01	-6.023601e-01
5.517623305121171e-01	-6.390235e-01
5.548315269406885e-01	-6.754835e-01
5.587377769406885e-01	-7.214784e-01
5.606909019406885e-01	-7.443146e-01
5.626440269406885e-01	-7.670387e-01
5.645971519406885e-01	-7.896473e-01
5.665502769406885e-01	-8.121369e-01
5.685034019406885e-01	-8.345043e-01
5.704565269406885e-01	-8.567460e-01
5.724096519406885e-01	-8.788586e-01
5.743627769406885e-01	-9.008389e-01
5.763159019406885e-01	-9.226836e-01
5.782690269406885e-01	-9.443893e-01
5.802221519406885e-01	-9.659528e-01
5.821752769406885e-01	-9.873707e-01
5.841284019406885e-01	-1.008640e+00
5.860815269406885e-01	-1.029757e+00
5.880346519406885e-01	-1.050720e+00
5.899877769406885e-01	-1.071524e+00
5.919409019406885e-01	-1.092167e+00
5.938940269406885e-01	-1.112645e+00
5.958471519406885e-01	-1.132956e+00
5.978002769406885e-01	-1.153096e+00
5.997534019406885e-01	-1.173062e+00
6.017065269406885e-01	-1.192852e+00
6.036596519406885e-01	-1.212462e+00
6.056127769406885e-01	-1.231889e+00
6.075659019406885e-01	-1.251132e+00
6.095190269406885e-01	-1.270185e+00
6.114721519406885e-01	-1.289047e+00
6.134252769406885e-01	-1.307716e+00
6.153784019406885e-01	-1.326187e+00
6.173315269406885e-01	-1.344458e+00
6.192846519406885e-01	-1.362527e+00
6.212377769406885e-01	-1.380391e+00
6.231909019406885e-01	-1.398047e+00
6.251440269406885e-01	-1.415493e+00
6.270971519406885e-01	-1.432725e+00
6.290502769406885e-01	-1.449742e+00
6.310034019406885e-01	-1.466540e+00
6.329565269406885e-01	-1.483117e+00
6.349096519406885e-01	-1.499471e+00
6.368627769406885e-01	-1.515599e+00
6.388159019406885e-01	-1.531499e+00
6.407690269406885e-01	-1.547168e+00
6.427221519406885e-01	-1.562605e+00
6.446752769406885e-01	-1.577806e+00
6.485815269406885e-01	-1.607493e+00
6.544409019406885e-01	-1.650202e+00
6.575100983692599e-01	-1.671703e+00
6.605792947978314e-01	-1.692564e+00
6.636484912264028e-01	-1.712784e+00
6.667176876549742e-01	-1.732364e+00
6.697868840835456e-01	-1.751303e+00
6.728560805121171e-01	-1.769603e+00
6.759252769406885e-01	-1.787262e+00
6.829007233692599e-01	-1.825010e+00
6.898761697978314e-01	-1.859110e+00
6.968516162264028e-01	-1.889562e+00
7.038270626549742e-01	-1.916366e+00
7.108025090835457e-01	-1.939522e+00
7.177779555121171e-01	-1.959030e+00
7.247534019406885e-01	-1.974890e+00
7.364721519406885e-01	-1.992649e+00
7.481909019406885e-01	-1.999686e+00
7.599096519406885e-01	-1.996002e+00
7.716284019406885e-01	-1.981596e+00
7.833471519406885e-01	-1.956468e+00
7.950659019406885e-01	-1.920618e+00
8.067846519406885e-01	-1.874047e+00
8.112489376549742e-01	-1.853671e+00
8.157132233692599e-01	-1.831883e+00
8.201775090835456e-01	-1.808683e+00
8.246417947978314e-01	-1.784071e+00
8.291060805121171e-01	-1.758046e+00
8.335703662264028e-01	-1.730609e+00
8.380346519406885e-01	-1.701760e+00
8.402667947978314e-01	-1.686849e+00
8.424989376549742e-01	-1.671614e+00
8.447310805121171e-01	-1.656055e+00
8.469632233692599e-01	-1.640172e+00
8.491953662264028e-01	-1.623964e+00
8.514275090835456e-01	-1.607433e+00
8.536596519406885e-01	-1.590577e+00
8.556127769406885e-01	-1.575579e+00
8.575659019406885e-01	-1.560343e+00
8.595190269406885e-01	-1.544872e+00
8.614721519406885e-01	-1.529169e+00
8.634252769406885e-01	-1.513235e+00
8.653784019406885e-01	-1.497073e+00
8.673315269406885e-01	-1.480686e+00
8.692846519406885e-01	-1.464076e+00
8.712377769406885e-01	-1.447246e+00
8.731909019406885e-01	-1.430197e+00
8.751440269406885e-01	-1.412933e+00
8.770971519406885e-01	-1.395457e+00
8.790502769406885e-01	-1.377770e+00
8.810034019406885e-01	-1.359875e+00
8.829565269406885e-01	-1.341776e+00
8.849096519406885e-01	-1.323475e+00
8.868627769406885e-01	-1.304975e+00
8.888159019406885e-01	-1.286278e+00
8.907690269406885e-01	-1.267387e+00
8.927221519406885e-01	-1.248305e+00
8.946752769406885e-01	-1.229036e+00
8.966284019406885e-01	-1.209581e+00
8.985815269406885e-01	-1.189944e+00
9.005346519406885e-01	-1.170128e+00
9.024877769406885e-01	-1.150136e+00
9.044409019406885e-01	-1.129971e+00
9.063940269406885e-01	-1.109635e+00
9.083471519406885e-01	-1.089132e+00
9.103002769406885e-01	-1.068466e+00
9.122534019406885e-01	-1.047638e+00
9.142065269406885e-01	-1.026653e+00
9.161596519406885e-01	-1.005513e+00
9.181127769406885e-01	-9.842212e-01
9.200659019406885e-01	-9.627815e-01
9.220190269406885e-01	-9.411969e-01
9.239721519406885e-01	-9.194705e-01
9.259252769406885e-01	-8.976057e-01
9.278784019406885e-01	-8.756056e-01
9.298315269406885e-01	-8.534737e-01
9.317846519406885e-01	-8.312133e-01
9.337377769406885e-01	-8.088277e-01
9.356909019406885e-01	-7.863203e-01
9.376440269406885e-01	-7.636944e-01
9.395971519406885e-01	-7.409536e-01
9.415502769406885e-01	-7.181011e-01
9.454565269406885e-01	-6.720753e-01
9.493627769406885e-01	-6.255734e-01
9.532690269406885e-01	-5.787657e-01
9.571752769406885e-01	-5.316522e-01
9.610815269406885e-01	-4.842330e-01
9.649877769406885e-01	-4.365079e-01
9.688940269406885e-01	-3.884770e-01
9.728002769406885e-01	-3.401404e-01
9.767065269406885e-01	-2.915970e-01
9.806127769406885e-01	-2.429514e-01
9.845190269406885e-01	-1.942035e-01
9.884252769406885e-01	-1.453535e-01
9.923315269406885e-01	-9.640123e-02
9.962377769406885e-01	-4.734677e-02
1.000144026940688e+00	1.809896e-03
1.004887330512117e+00	6.153806e-02
1.009630634083546e+00	1.210798e-01
1.014373937654974e+00	1.804353e-01
1.019117241226403e+00	2.396043e-01
1.023860544797831e+00	2.985870e-01
1.028603848369260e+00	3.573833e-01
1.033347151940688e+00	4.159932e-01
1.036416348369260e+00	4.536733e-01
1.039485544797831e+00	4.911500e-01
1.042554741226403e+00	5.284233e-01
1.045623937654974e+00	5.654934e-01
1.048693134083546e+00	6.023601e-01
1.051762330512117e+00	6.390235e-01
1.054831526940688e+00	6.754835e-01
1.058737776940688e+00	7.214784e-01
1.060690901940688e+00	7.443146e-01
1.062644026940688e+00	7.670387e-01
1.064597151940688e+00	7.896473e-01
1.066550276940688e+00	8.121369e-01
1.068503401940688e+00	8.345043e-01
1.070456526940688e+00	8.567460e-01
1.072409651940688e+00	8.788586e-01
1.074362776940688e+00	9.008389e-01
1.076315901940688e+00	9.226836e-01
1.078269026940688e+00	9.443893e-01
1.080222151940688e+00	9.659528e-01
1.082175276940688e+00	9.873707e-01
1.084128401940688e+00	1.008640e+00
1.086081526940688e+00	1.029757e+00
1.088034651940688e+00	1.050720e+00
1.089987776940688e+00	1.071524e+00
1.091940901940688e+00	1.092167e+00
1.093894026940688e+00	1.112645e+00
1.095847151940688e+00	1.132956e+00
1.097800276940688e+00	1.153096e+00
1.099753401940688e+00	1.173062e+00
1.101706526940688e+00	1.192852e+00
1.103659651940688e+00	1.212462e+00
1.105612776940688e+00	1.231889e+00
1.107565901940688e+00	1.251132e+00
1.109519026940688e+00	1.270185e+00
1.111472151940688e+00	1.289047e+00
1.113425276940688e+00	1.307716e+00
1.115378401940688e+00	1.326187e+00
1.117331526940688e+00	1.344458e+00
1.119284651940688e+00	1.362527e+00
1.121237776940688e+00	1.380391e+00
1.123190901940688e+00	1.398047e+00
1.125144026940688e+00	1.415493e+00
1.127097151940688e+00	1.432725e+00
1.129050276940688e+00	1.449742e+00
1.131003401940688e+00	1.466540e+00
1.132956526940688e+00	1.483117e+00
1.134909651940688e+00	1.499471e+00
1.136862776940688e+00	1.515599e+00
1.138815901940688e+00	1.531499e+00
1.140769026940688e+00	1.547168e+00
1.142722151940688e+00	1.562605e+00
1.144675276940688e+00	1.577806e+00
1.148581526940688e+00	1.607493e+00
1.154440901940688e+00	1.650202e+00
1.157510098369260e+00	1.671703e+00
1.160579294797831e+00	1.692564e+00
1.163648491226403e+00	1.712784e+00
1.166717687654974e+00	1.732364e+00
1.169786884083546e+00	1.751303e+00
1.172856080512117e+00	1.769603e+00
1.175925276940688e+00	1.787262e+00
1.182900723369260e+00	1.825010e+00
1.189876169797831e+00	1.859110e+00
1.196851616226403e+00	1.889562e+00
1.203827062654974e+00	1.916366e+00
1.210802509083546e+00	1.939522e+00
1.217777955512117e+00	1.959030e+00
1.224753401940688e+00	1.974890e+00
1.236472151940688e+00	1.992649e+00
1.248190901940688e+00	1.999686e+00
1.259909651940688e+00	1.996002e+00
1.271628401940688e+00	1.981596e+00
1.283347151940688e+00	1.956468e+00
1.295065901940688e+00	1.920618e+00
1.306784651940688e+00	1.874047e+00
1.311248937654974e+00	1.853671e+00
1.315713223369260e+00	1.831883e+00
1.320177509083546e+00	1.808683e+00
1.324641794797831e+00	1.784071e+00
1.329106080512117e+00	1.758046e+00
1.333570366226403e+00	1.730609e+00
1.338034651940688e+00	1.701760e+00
1.340266794797831e+00	1.686849e+00
1.342498937654974e+00	1.671614e+00
1.344731080512117e+00	1.656055e+00
1.346963223369260e+00	1.640172e+00
1.349195366226403e+00	1.623964e+00
1.351427509083546e+00	1.607433e+00
1.353659651940688e+00	1.590577e+00
1.355612776940688e+00	1.575579e+00
1.357565901940688e+00	1.560343e+00
1.359519026940688e+00	1.544872e+00
1.361472151940688e+00	1.529169e+00
1.363425276940688e+00	1.513235e+00
1.365378401940688e+00	1.497073e+00
1.367331526940688e+00	1.480686e+00
1.369284651940688e+00	1.464076e+00
1.371237776940688e+00	1.447246e+00
1.373190901940688e+00	1.430197e+00
1.375144026940688e+00	1.412933e+00
1.377097151940688e+00	1.395457e+00
1.379050276940688e+00	1.377770e+00
1.381003401940688e+00	1.359875e+00
1.382956526940688e+00	1.341776e+00
1.384909651940688e+00	1.323475e+00
1.386862776940688e+00	1.304975e+00
1.388815901940688e+00	1.286278e+00
1.390769026940688e+00	1.267387e+00
1.392722151940688e+00	1.248305e+00
1.394675276940688e+00	1.229036e+00
1.396628401940688e+00	1.209581e+00
1.398581526940688e+00	1.189944e+00
1.400534651940688e+00	1.170128e+00
1.402487776940688e+00	1.150136e+00
1.404440901940688e+00	1.129971e+00
1.406394026940688e+00	1.109635e+00
1.408347151940688e+00	1.089132e+00
1.410300276940688e+00	1.068466e+00
1.412253401940688e+00	1.047638e+00
1.414206526940688e+00	1.026653e+00
1.416159651940688e+00	1.005513e+00
1.418112776940688e+00	9.842212e-01
1.420065901940688e+00	9.627815e-01
1.422019026940688e+00	9.411969e-01
1.423972151940688e+00	9.194705e-01
1.425925276940688e+00	8.976057e-01
1.427878401940688e+00	8.756056e-01
1.429831526940688e+00	8.534737e-01
1.431784651940688e+00	8.312133e-01
1.433737776940688e+00	8.088277e-01
1.435690901940688e+00	7.863203e-01
1.437644026940688e+00	7.636944e-01
1.439597151940688e+00	7.409536e-01
1.441550276940688e+00	7.181011e-01
1.445456526940688e+00	6.720753e-01
1.449362776940688e+00	6.255734e-01
1.453269026940688e+00	5.787657e-01
1.457175276940688e+00	5.316522e-01
1.461081526940688e+00	4.842330e-01
1.464987776940688e+00	4.365079e-01
1.468894026940688e+00	3.884770e-01
1.472800276940688e+00	3.401404e-01
1.476706526940688e+00	2.915970e-01
1.480612776940688e+00	2.429514e-01
1.484519026940688e+00	1.942035e-01
1.488425276940688e+00	1.453535e-01
1.492331526940688e+00	9.640123e-02
1.496237776940688e+00	4.734677e-02
1.500144026940688e+00	-1.809896e-03
1.504887330512117e+00	-6.153806e-02
1.509630634083546e+00	-1.210798e-01
1.514373937654974e+00	-1.804353e-01
1.519117241226403e+00	-2.396043e-01
1.523860544797831e+00	-2.985870e-01
1.528603848369260e+00	-3.573833e-01
1.533347151940688e+00	-4.159932e-01
1.536416348369260e+00	-4.536733e-01
1.539485544797831e+00	-4.911500e-01
1.542554741226403e+00	-5.284233e-01
1.545623937654974e+00	-5.654934e-01
1.548693134083546e+00	-6.023601e-01
1.551762330512117e+00	-6.390235e-01
1.554831526940688e+00	-6.754835e-01
1.558737776940688e+00	-7.214784e-01
1.560690901940688e+00	-7.443146e-01
1.562644026940688e+00	-7.670387e-01
1.564597151940688e+00	-7.896473e-01
1.566550276940688e+00	-8.121369e-01
1.568503401940688e+00	-8.345043e-01
1.570456526940688e+00	-8.567460e-01
1.572409651940688e+00	-8.788586e-01
1.574362776940688e+00	-9.008389e-01
1.576315901940688e+00	-9.226836e-01
1.578269026940688e+00	-9.443893e-01
1.580222151940688e+00	-9.659528e-01
1.582175276940688e+00	-9.873707e-01
1.584128401940688e+00	-1.008640e+00
1.586081526940688e+00	-1.029757e+00
1.588034651940688e+00	-1.050720e+00
1.589987776940688e+00	-1.071524e+00
1.591940901940688e+00	-1.092167e+00
1.593894026940688e+00	-1.112645e+00
1.595847151940688e+00	-1.132956e+00
1.597800276940688e+00	-1.153096e+00
1.599753401940688e+00	-1.173062e+00
1.601706526940688e+00	-1.192852e+00
1.603659651940688e+00	-1.212462e+00
1.605612776940688e+00	-1.231889e+00
1.607565901940688e+00	-1.251132e+00
1.609519026940688e+00	-1.270185e+00
1.611472151940688e+00	-1.289047e+00
1.613425276940688e+00	-1.307716e+00
1.615378401940688e+00	-1.326187e+00
1.617331526940688e+00	-1.344458e+00
1.619284651940688e+00	-1.362527e+00
1.621237776940688e+00	-1.380391e+00
1.623190901940688e+00	-1.398047e+00
1.625144026940688e+00	-1.415493e+00
1.627097151940688e+00	-1.432725e+00
1.629050276940688e+00	-1.449742e+00
1.631003401940688e+00	-1.466540e+00
1.632956526940688e+00	-1.483117e+00
1.634909651940688e+00	-1.499471e+00
1.636862776940688e+00	-1.515599e+00
1.638815901940688e+00	-1.531499e+00
1.640769026940688e+00	-1.547168e+00
1.642722151940688e+00	-1.562605e+00
1.644675276940688e+00	-1.577806e+00
1.648581526940688e+00	-1.607493e+00
1.654440901940688e+00	-1.650202e+00
1.657510098369260e+00	-1.671703e+00
1.660579294797831e+00	-1.692564e+00
1.663648491226403e+00	-1.712784e+00
1.666717687654974e+00	-1.732364e+00
1.669786884083546e+00	-1.751303e+00
1.672856080512117e+00	-1.769603e+00
1.675925276940688e+00	-1.787262e+00
1.682900723369260e+00	-1.825010e+00
1.689876169797831e+00	-1.859110e+00
1.696851616226403e+00	-1.889562e+00
1.703827062654974e+00	-1.916366e+00
1.710802509083546e+00	-1.939522e+00
1.717777955512117e+00	-1.959030e+00
1.724753401940688e+00	-1.974890e+00
1.736472151940688e+00	-1.992649e+00
1.748190901940688e+00	-1.999686e+00
1.759909651940688e+00	-1.996002e+00
1.771628401940688e+00	-1.981596e+00
1.783347151940688e+00	-1.956468e+00
1.795065901940688e+00	-1.920618e+00
1.806784651940688e+00	-1.874047e+00
1.811248937654974e+00	-1.853671e+00
1.815713223369260e+00	-1.831883e+00
1.820177509083546e+00	-1.808683e+00
1.824641794797831e+00	-1.784071e+00
1.829106080512117e+00	-1.758046e+00
1.833570366226403e+00	-1.730609e+00
1.838034651940688e+00	-1.701760e+00
1.840266794797831e+00	-1.686849e+00
1.842498937654974e+00	-1.671614e+00
1.844731080512117e+00	-1.656055e+00
1.846963223369260e+00	-1.640172e+00
1.849195366226403e+00	-1.623964e+00
1.851427509083546e+00	-1.607433e+00
1.853659651940688e+00	-1.590577e+00
1.855612776940688e+00	-1.575579e+00
1.857565901940688e+00	-1.560343e+00
1.859519026940688e+00	-1.544872e+00
1.861472151940688e+00	-1.529169e+00
1.863425276940688e+00	-1.513235e+00
1.865378401940688e+00	-1.497073e+00
1.867331526940688e+00	-1.480686e+00
1.869284651940688e+00	-1.464076e+00
1.871237776940688e+00	-1.447246e+00
1.873190901940688e+00	-1.430197e+00
1.875144026940688e+00	-1.412933e+00
1.877097151940688e+00	-1.395457e+00
1.879050276940688e+00	-1.377770e+00
1.881003401940688e+00	-1.359875e+00
1.882956526940688e+00	-1.341776e+00
1.884909651940688e+00	-1.323475e+00
1.886862776940688e+00	-1.304975e+00
1.888815901940688e+00	-1.286278e+00
1.890769026940688e+00	-1.267387e+00
1.892722151940688e+00	-1.248305e+00
1.894675276940688e+00	-1.229036e+00
1.896628401940688e+00	-1.209581e+00
1.898581526940688e+00	-1.189944e+00
1.900534651940688e+00	-1.170128e+00
1.902487776940688e+00	-1.150136e+00
1.904440901940688e+00	-1.129971e+00
1.906394026940688e+00	-1.109635e+00
1.908347151940688e+00	-1.089132e+00
1.910300276940688e+00	-1.068466e+00
1.912253401940688e+00	-1.047638e+00
1.914206526940688e+00	-1.026653e+00
1.916159651940688e+00	-1.005513e+00
1.918112776940688e+00	-9.842212e-01
1.920065901940688e+00	-9.627815e-01
1.922019026940688e+00	-9.411969e-01
1.923972151940688e+00	-9.194705e-01
1.925925276940688e+00	-8.976057e-01
1.927878401940688e+00	-8.756056e-01
1.929831526940688e+00	-8.534737e-01
1.931784651940688e+00	-8.312133e-01
1.933737776940688e+00	-8.088277e-01
1.935690901940688e+00	-7.863203e-01
1.937644026940688e+00	-7.636944e-01
1.939597151940688e+00	-7.409536e-01
1.941550276940688e+00	-7.181011e-01
1.945456526940688e+00	-6.720753e-01
1.946851616226403e+00	-6.555348e-01
1.948246705512117e+00	-6.389470e-01
1.949641794797831e+00	-6.223122e-01
1.951036884083546e+00	-6.056301e-01
1.952431973369260e+00	-5.889009e-01
1.953827062654974e+00	-5.721245e-01
1.955222151940688e+00	-5.553009e-01
1.957175276940688e+00	-5.316809e-01
1.962755634083546e+00	-4.635540e-01
1.968335991226403e+00	-3.950690e-01
1.973916348369260e+00	-3.262259e-01
1.979496705512117e+00	-2.570248e-01
1.985077062654974e+00	-1.874656e-01
1.990657419797831e+00	-1.175484e-01
1.996237776940688e+00	-4.727309e-02
1.998190901940688e+00	-2.273331e-02
2.000000000000000e+00	-9.797175e-16
