time	voltage
0.000000000000000e+00	0.000000e+00
4.484860991526929e-03	0.000000e+00
8.969721983053857e-03	0.000000e+00
1.345458297458079e-02	0.000000e+00
1.793944396610771e-02	0.000000e+00
2.242430495763464e-02	0.000000e+00
2.690916594916157e-02	0.000000e+00
3.139402694068849e-02	0.000000e+00
3.474224122640278e-02	-5.169791e-08
3.809045551211707e-02	-6.203749e-08
4.143866979783135e-02	-3.101874e-08
4.478688408354564e-02	4.135832e-08
4.813509836925993e-02	1.550937e-07
5.148331265497421e-02	3.101874e-07
5.483152694068849e-02	5.066395e-07
5.873777694068849e-02	1.192093e-06
6.069090194068849e-02	1.877546e-06
6.264402694068849e-02	2.920628e-06
6.459715194068849e-02	4.470348e-06
6.655027694068849e-02	6.884336e-06
6.850340194068849e-02	1.063943e-05
7.045652694068849e-02	1.627207e-05
7.240965194068849e-02	2.497435e-05
7.436277694068849e-02	3.814697e-05
7.631590194068849e-02	5.814433e-05
7.826902694068849e-02	8.836389e-05
8.022215194068849e-02	1.338720e-04
8.217527694068849e-02	2.021194e-04
8.412840194068849e-02	3.040433e-04
8.608152694068849e-02	4.556775e-04
8.803465194068849e-02	6.796718e-04
8.998777694068849e-02	1.008630e-03
9.194090194068849e-02	1.487434e-03
9.389402694068849e-02	2.177238e-03
9.584715194068849e-02	3.157914e-03
9.780027694068849e-02	4.529178e-03
9.975340194068849e-02	6.408632e-03
1.017065269406885e-01	8.923709e-03
1.036596519406885e-01	1.219940e-02
1.056127769406885e-01	1.634169e-02
1.075659019406885e-01	2.142209e-02
1.095190269406885e-01	2.746886e-02
1.114721519406885e-01	3.446549e-02
1.134252769406885e-01	4.235828e-02
1.153784019406885e-01	5.106723e-02
1.173315269406885e-01	6.049865e-02
1.192846519406885e-01	7.055449e-02
1.212377769406885e-01	8.113962e-02
1.251440269406885e-01	1.035539e-01
1.310034019406885e-01	1.392257e-01
1.346306340835456e-01	1.623262e-01
1.382578662264028e-01	1.852539e-01
1.418850983692599e-01	2.080087e-01
1.455123305121171e-01	2.305908e-01
1.491395626549742e-01	2.530000e-01
1.527667947978313e-01	2.752364e-01
1.563940269406885e-01	2.973000e-01
1.650435805121171e-01	3.479487e-01
1.736931340835456e-01	3.941186e-01
1.823426876549742e-01	4.358096e-01
1.909922412264028e-01	4.730217e-01
1.996417947978314e-01	5.057549e-01
2.082913483692599e-01	5.340093e-01
2.169409019406885e-01	5.577849e-01
2.317288483692599e-01	5.845990e-01
2.465167947978314e-01	5.960270e-01
2.613047412264028e-01	5.920690e-01
2.760926876549742e-01	5.727249e-01
2.908806340835456e-01	5.379947e-01
3.056685805121171e-01	4.878784e-01
3.204565269406885e-01	4.223760e-01
3.260368840835456e-01	3.942787e-01
3.316172412264028e-01	3.649113e-01
3.371975983692599e-01	3.342739e-01
3.427779555121171e-01	3.023663e-01
3.483583126549742e-01	2.691886e-01
3.539386697978313e-01	2.347408e-01
3.595190269406885e-01	1.990229e-01
3.620301876549742e-01	1.829024e-01
3.645413483692599e-01	1.669884e-01
3.670525090835456e-01	1.512809e-01
3.695636697978313e-01	1.357800e-01
3.720748305121171e-01	1.204856e-01
3.745859912264028e-01	1.053977e-01
3.770971519406885e-01	9.051633e-02
3.790502769406885e-01	7.955009e-02
3.810034019406885e-01	6.903744e-02
3.829565269406885e-01	5.906767e-02
3.849096519406885e-01	4.973674e-02
3.868627769406885e-01	4.114223e-02
3.888159019406885e-01	3.337669e-02
3.907690269406885e-01	2.651691e-02
3.927221519406885e-01	2.061212e-02
3.946752769406885e-01	1.567245e-02
3.966284019406885e-01	1.166338e-02
3.985815269406885e-01	8.507252e-03
4.005346519406885e-01	6.094098e-03
4.024877769406885e-01	4.297733e-03
4.044409019406885e-01	2.991199e-03
4.063940269406885e-01	2.059340e-03
4.083471519406885e-01	1.405239e-03
4.103002769406885e-01	9.519458e-04
4.122534019406885e-01	6.409287e-04
4.142065269406885e-01	4.293323e-04
4.161596519406885e-01	2.863407e-04
4.181127769406885e-01	1.902580e-04
4.200659019406885e-01	1.259446e-04
4.220190269406885e-01	8.311868e-05
4.239721519406885e-01	5.465746e-05
4.259252769406885e-01	3.588200e-05
4.278784019406885e-01	2.345443e-05
4.298315269406885e-01	1.528859e-05
4.317846519406885e-01	9.953976e-06
4.337377769406885e-01	6.467104e-06
4.356909019406885e-01	4.172325e-06
4.376440269406885e-01	2.741814e-06
4.395971519406885e-01	1.758337e-06
4.415502769406885e-01	1.102686e-06
4.454565269406885e-01	4.470348e-07
4.493627769406885e-01	2.736948e-07
4.532690269406885e-01	1.368474e-07
4.571752769406885e-01	3.649264e-08
4.610815269406885e-01	-2.736948e-08
4.649877769406885e-01	-5.473896e-08
4.688940269406885e-01	-4.561580e-08
4.728002769406885e-01	0.000000e+00
4.767065269406885e-01	0.000000e+00
4.806127769406885e-01	0.000000e+00
4.845190269406885e-01	0.000000e+00
4.884252769406885e-01	0.000000e+00
4.923315269406885e-01	0.000000e+00
4.962377769406885e-01	0.000000e+00
5.001440269406885e-01	0.000000e+00
5.048873305121171e-01	0.000000e+00
5.096306340835456e-01	0.000000e+00
5.143739376549742e-01	0.000000e+00
5.191172412264028e-01	0.000000e+00
5.238605447978314e-01	0.000000e+00
5.286038483692599e-01	0.000000e+00
5.333471519406885e-01	0.000000e+00
5.364163483692599e-01	-5.169791e-08
5.394855447978314e-01	-6.203749e-08
5.425547412264028e-01	-3.101874e-08
5.456239376549742e-01	4.135832e-08
5.486931340835456e-01	1.550937e-07
5.517623305121171e-01	3.101874e-07
5.548315269406885e-01	5.066395e-07
5.587377769406885e-01	1.192093e-06
5.606909019406885e-01	1.877546e-06
5.626440269406885e-01	2.920628e-06
5.645971519406885e-01	4.470348e-06
5.665502769406885e-01	6.884336e-06
5.685034019406885e-01	1.063943e-05
5.704565269406885e-01	1.627207e-05
5.724096519406885e-01	2.497435e-05
5.743627769406885e-01	3.814697e-05
5.763159019406885e-01	5.814433e-05
5.782690269406885e-01	8.836389e-05
5.802221519406885e-01	1.338720e-04
5.821752769406885e-01	2.021194e-04
5.841284019406885e-01	3.040433e-04
5.860815269406885e-01	4.556775e-04
5.880346519406885e-01	6.796718e-04
5.899877769406885e-01	1.008630e-03
5.919409019406885e-01	1.487434e-03
5.938940269406885e-01	2.177238e-03
5.958471519406885e-01	3.157914e-03
5.978002769406885e-01	4.529178e-03
5.997534019406885e-01	6.408632e-03
6.017065269406885e-01	8.923709e-03
6.036596519406885e-01	1.219940e-02
6.056127769406885e-01	1.634169e-02
6.075659019406885e-01	2.142209e-02
6.095190269406885e-01	2.746886e-02
6.114721519406885e-01	3.446549e-02
6.134252769406885e-01	4.235828e-02
6.153784019406885e-01	5.106723e-02
6.173315269406885e-01	6.049865e-02
6.192846519406885e-01	7.055449e-02
6.212377769406885e-01	8.113962e-02
6.251440269406885e-01	1.035539e-01
6.310034019406885e-01	1.392257e-01
6.346306340835456e-01	1.623262e-01
6.382578662264028e-01	1.852539e-01
6.418850983692599e-01	2.080087e-01
6.455123305121171e-01	2.305908e-01
6.491395626549742e-01	2.530000e-01
6.527667947978314e-01	2.752364e-01
6.563940269406885e-01	2.973000e-01
6.650435805121171e-01	3.479487e-01
6.736931340835456e-01	3.941186e-01
6.823426876549742e-01	4.358096e-01
6.909922412264028e-01	4.730217e-01
6.996417947978314e-01	5.057549e-01
7.082913483692599e-01	5.340093e-01
7.169409019406885e-01	5.577849e-01
7.317288483692599e-01	5.845990e-01
7.465167947978314e-01	5.960270e-01
7.613047412264028e-01	5.920690e-01
7.760926876549742e-01	5.727249e-01
7.908806340835457e-01	5.379947e-01
8.056685805121171e-01	4.878784e-01
8.204565269406885e-01	4.223760e-01
8.260368840835456e-01	3.942787e-01
8.316172412264028e-01	3.649113e-01
8.371975983692599e-01	3.342739e-01
8.427779555121171e-01	3.023663e-01
8.483583126549742e-01	2.691886e-01
8.539386697978314e-01	2.347408e-01
8.595190269406885e-01	1.990229e-01
8.620301876549742e-01	1.829024e-01
8.645413483692599e-01	1.669884e-01
8.670525090835456e-01	1.512809e-01
8.695636697978314e-01	1.357800e-01
8.720748305121171e-01	1.204856e-01
8.745859912264028e-01	1.053977e-01
8.770971519406885e-01	9.051633e-02
8.790502769406885e-01	7.955009e-02
8.810034019406885e-01	6.903744e-02
8.829565269406885e-01	5.906767e-02
8.849096519406885e-01	4.973674e-02
8.868627769406885e-01	4.114223e-02
8.888159019406885e-01	3.337669e-02
8.907690269406885e-01	2.651691e-02
8.927221519406885e-01	2.061212e-02
8.946752769406885e-01	1.567245e-02
8.966284019406885e-01	1.166338e-02
8.985815269406885e-01	8.507252e-03
9.005346519406885e-01	6.094098e-03
9.024877769406885e-01	4.297733e-03
9.044409019406885e-01	2.991199e-03
9.063940269406885e-01	2.059340e-03
9.083471519406885e-01	1.405239e-03
9.103002769406885e-01	9.519458e-04
9.122534019406885e-01	6.409287e-04
9.142065269406885e-01	4.293323e-04
9.161596519406885e-01	2.863407e-04
9.181127769406885e-01	1.902580e-04
9.200659019406885e-01	1.259446e-04
9.220190269406885e-01	8.311868e-05
9.239721519406885e-01	5.465746e-05
9.259252769406885e-01	3.588200e-05
9.278784019406885e-01	2.345443e-05
9.298315269406885e-01	1.528859e-05
9.317846519406885e-01	9.953976e-06
9.337377769406885e-01	6.467104e-06
9.356909019406885e-01	4.172325e-06
9.376440269406885e-01	2.741814e-06
9.395971519406885e-01	1.758337e-06
9.415502769406885e-01	1.102686e-06
9.454565269406885e-01	4.470348e-07
9.493627769406885e-01	2.736948e-07
9.532690269406885e-01	1.368474e-07
9.571752769406885e-01	3.649264e-08
9.610815269406885e-01	-2.736948e-08
9.649877769406885e-01	-5.473896e-08
9.688940269406885e-01	-4.561580e-08
9.728002769406885e-01	0.000000e+00
9.767065269406885e-01	0.000000e+00
9.806127769406885e-01	0.000000e+00
9.845190269406885e-01	0.000000e+00
9.884252769406885e-01	0.000000e+00
9.923315269406885e-01	0.000000e+00
9.962377769406885e-01	0.000000e+00
1.000144026940688e+00	0.000000e+00
1.004887330512117e+00	0.000000e+00
1.009630634083546e+00	0.000000e+00
1.014373937654974e+00	0.000000e+00
1.019117241226403e+00	0.000000e+00
1.023860544797831e+00	0.000000e+00
1.028603848369260e+00	0.000000e+00
1.033347151940688e+00	0.000000e+00
1.036416348369260e+00	-5.169791e-08
1.039485544797831e+00	-6.203749e-08
1.042554741226403e+00	-3.101874e-08
1.045623937654974e+00	4.135832e-08
1.048693134083546e+00	1.550937e-07
1.051762330512117e+00	3.101874e-07
1.054831526940688e+00	5.066395e-07
1.058737776940688e+00	1.192093e-06
1.060690901940688e+00	1.877546e-06
1.062644026940688e+00	2.920628e-06
1.064597151940688e+00	4.470348e-06
1.066550276940688e+00	6.884336e-06
1.068503401940688e+00	1.063943e-05
1.070456526940688e+00	1.627207e-05
1.072409651940688e+00	2.497435e-05
1.074362776940688e+00	3.814697e-05
1.076315901940688e+00	5.814433e-05
1.078269026940688e+00	8.836389e-05
1.080222151940688e+00	1.338720e-04
1.082175276940688e+00	2.021194e-04
1.084128401940688e+00	3.040433e-04
1.086081526940688e+00	4.556775e-04
1.088034651940688e+00	6.796718e-04
1.089987776940688e+00	1.008630e-03
1.091940901940688e+00	1.487434e-03
1.093894026940688e+00	2.177238e-03
1.095847151940688e+00	3.157914e-03
1.097800276940688e+00	4.529178e-03
1.099753401940688e+00	6.408632e-03
1.101706526940688e+00	8.923709e-03
1.103659651940688e+00	1.219940e-02
1.105612776940688e+00	1.634169e-02
1.107565901940688e+00	2.142209e-02
1.109519026940688e+00	2.746886e-02
1.111472151940688e+00	3.446549e-02
1.113425276940688e+00	4.235828e-02
1.115378401940688e+00	5.106723e-02
1.117331526940688e+00	6.049865e-02
1.119284651940688e+00	7.055449e-02
1.121237776940688e+00	8.113962e-02
1.125144026940688e+00	1.035539e-01
1.131003401940688e+00	1.392257e-01
1.134630634083546e+00	1.623262e-01
1.138257866226403e+00	1.852539e-01
1.141885098369260e+00	2.080087e-01
1.145512330512117e+00	2.305908e-01
1.149139562654974e+00	2.530000e-01
1.152766794797831e+00	2.752364e-01
1.156394026940688e+00	2.973000e-01
1.165043580512117e+00	3.479487e-01
1.173693134083546e+00	3.941186e-01
1.182342687654974e+00	4.358096e-01
1.190992241226403e+00	4.730217e-01
1.199641794797831e+00	5.057549e-01
1.208291348369260e+00	5.340093e-01
1.216940901940688e+00	5.577849e-01
1.231728848369260e+00	5.845990e-01
1.246516794797831e+00	5.960270e-01
1.261304741226403e+00	5.920690e-01
1.276092687654974e+00	5.727249e-01
1.290880634083546e+00	5.379947e-01
1.305668580512117e+00	4.878784e-01
1.320456526940688e+00	4.223760e-01
1.326036884083546e+00	3.942787e-01
1.331617241226403e+00	3.649113e-01
1.337197598369260e+00	3.342739e-01
1.342777955512117e+00	3.023663e-01
1.348358312654974e+00	2.691886e-01
1.353938669797831e+00	2.347408e-01
1.359519026940688e+00	1.990229e-01
1.362030187654974e+00	1.829024e-01
1.364541348369260e+00	1.669884e-01
1.367052509083546e+00	1.512809e-01
1.369563669797831e+00	1.357800e-01
1.372074830512117e+00	1.204856e-01
1.374585991226403e+00	1.053977e-01
1.377097151940688e+00	9.051633e-02
1.379050276940688e+00	7.955009e-02
1.381003401940688e+00	6.903744e-02
1.382956526940688e+00	5.906767e-02
1.384909651940688e+00	4.973674e-02
1.386862776940688e+00	4.114223e-02
1.388815901940688e+00	3.337669e-02
1.390769026940688e+00	2.651691e-02
1.392722151940688e+00	2.061212e-02
1.394675276940688e+00	1.567245e-02
1.396628401940688e+00	1.166338e-02
1.398581526940688e+00	8.507252e-03
1.400534651940688e+00	6.094098e-03
1.402487776940688e+00	4.297733e-03
1.404440901940688e+00	2.991199e-03
1.406394026940688e+00	2.059340e-03
1.408347151940688e+00	1.405239e-03
1.410300276940688e+00	9.519458e-04
1.412253401940688e+00	6.409287e-04
1.414206526940688e+00	4.293323e-04
1.416159651940688e+00	2.863407e-04
1.418112776940688e+00	1.902580e-04
1.420065901940688e+00	1.259446e-04
1.422019026940688e+00	8.311868e-05
1.423972151940688e+00	5.465746e-05
1.425925276940688e+00	3.588200e-05
1.427878401940688e+00	2.345443e-05
1.429831526940688e+00	1.528859e-05
1.431784651940688e+00	9.953976e-06
1.433737776940688e+00	6.467104e-06
1.435690901940688e+00	4.172325e-06
1.437644026940688e+00	2.741814e-06
1.439597151940688e+00	1.758337e-06
1.441550276940688e+00	1.102686e-06
1.445456526940688e+00	4.470348e-07
1.449362776940688e+00	2.736948e-07
1.453269026940688e+00	1.368474e-07
1.457175276940688e+00	3.649264e-08
1.461081526940688e+00	-2.736948e-08
1.464987776940688e+00	-5.473896e-08
1.468894026940688e+00	-4.561580e-08
1.472800276940688e+00	0.000000e+00
1.476706526940688e+00	0.000000e+00
1.480612776940688e+00	0.000000e+00
1.484519026940688e+00	0.000000e+00
1.488425276940688e+00	0.000000e+00
1.492331526940688e+00	0.000000e+00
1.496237776940688e+00	0.000000e+00
1.500144026940688e+00	0.000000e+00
1.504887330512117e+00	0.000000e+00
1.509630634083546e+00	0.000000e+00
1.514373937654974e+00	0.000000e+00
1.519117241226403e+00	0.000000e+00
1.523860544797831e+00	0.000000e+00
1.528603848369260e+00	0.000000e+00
1.533347151940688e+00	0.000000e+00
1.536416348369260e+00	-5.169791e-08
1.539485544797831e+00	-6.203749e-08
1.542554741226403e+00	-3.101874e-08
1.545623937654974e+00	4.135832e-08
1.548693134083546e+00	1.550937e-07
1.551762330512117e+00	3.101874e-07
1.554831526940688e+00	5.066395e-07
1.558737776940688e+00	1.192093e-06
1.560690901940688e+00	1.877546e-06
1.562644026940688e+00	2.920628e-06
1.564597151940688e+00	4.470348e-06
1.566550276940688e+00	6.884336e-06
1.568503401940688e+00	1.063943e-05
1.570456526940688e+00	1.627207e-05
1.572409651940688e+00	2.497435e-05
1.574362776940688e+00	3.814697e-05
1.576315901940688e+00	5.814433e-05
1.578269026940688e+00	8.836389e-05
1.580222151940688e+00	1.338720e-04
1.582175276940688e+00	2.021194e-04
1.584128401940688e+00	3.040433e-04
1.586081526940688e+00	4.556775e-04
1.588034651940688e+00	6.796718e-04
1.589987776940688e+00	1.008630e-03
1.591940901940688e+00	1.487434e-03
1.593894026940688e+00	2.177238e-03
1.595847151940688e+00	3.157914e-03
1.597800276940688e+00	4.529178e-03
1.599753401940688e+00	6.408632e-03
1.601706526940688e+00	8.923709e-03
1.603659651940688e+00	1.219940e-02
1.605612776940688e+00	1.634169e-02
1.607565901940688e+00	2.142209e-02
1.609519026940688e+00	2.746886e-02
1.611472151940688e+00	3.446549e-02
1.613425276940688e+00	4.235828e-02
1.615378401940688e+00	5.106723e-02
1.617331526940688e+00	6.049865e-02
1.619284651940688e+00	7.055449e-02
1.621237776940688e+00	8.113962e-02
1.625144026940688e+00	1.035539e-01
1.631003401940688e+00	1.392257e-01
1.634630634083546e+00	1.623262e-01
1.638257866226403e+00	1.852539e-01
1.641885098369260e+00	2.080087e-01
1.645512330512117e+00	2.305908e-01
1.649139562654974e+00	2.530000e-01
1.652766794797831e+00	2.752364e-01
1.656394026940688e+00	2.973000e-01
1.665043580512117e+00	3.479487e-01
1.673693134083546e+00	3.941186e-01
1.682342687654974e+00	4.358096e-01
1.690992241226403e+00	4.730217e-01
1.699641794797831e+00	5.057549e-01
1.708291348369260e+00	5.340093e-01
1.716940901940688e+00	5.577849e-01
1.731728848369260e+00	5.845990e-01
1.746516794797831e+00	5.960270e-01
1.761304741226403e+00	5.920690e-01
1.776092687654974e+00	5.727249e-01
1.790880634083546e+00	5.379947e-01
1.805668580512117e+00	4.878784e-01
1.820456526940688e+00	4.223760e-01
1.826036884083546e+00	3.942787e-01
1.831617241226403e+00	3.649113e-01
1.837197598369260e+00	3.342739e-01
1.842777955512117e+00	3.023663e-01
1.848358312654974e+00	2.691886e-01
1.853938669797831e+00	2.347408e-01
1.859519026940688e+00	1.990229e-01
1.862030187654974e+00	1.829024e-01
1.864541348369260e+00	1.669884e-01
1.867052509083546e+00	1.512809e-01
1.869563669797831e+00	1.357800e-01
1.872074830512117e+00	1.204856e-01
1.874585991226403e+00	1.053977e-01
1.877097151940688e+00	9.051633e-02
1.879050276940688e+00	7.955009e-02
1.881003401940688e+00	6.903744e-02
1.882956526940688e+00	5.906767e-02
1.884909651940688e+00	4.973674e-02
1.886862776940688e+00	4.114223e-02
1.888815901940688e+00	3.337669e-02
1.890769026940688e+00	2.651691e-02
1.892722151940688e+00	2.061212e-02
1.894675276940688e+00	1.567245e-02
1.896628401940688e+00	1.166338e-02
1.898581526940688e+00	8.507252e-03
1.900534651940688e+00	6.094098e-03
1.902487776940688e+00	4.297733e-03
1.904440901940688e+00	2.991199e-03
1.906394026940688e+00	2.059340e-03
1.908347151940688e+00	1.405239e-03
1.910300276940688e+00	9.519458e-04
1.912253401940688e+00	6.409287e-04
1.914206526940688e+00	4.293323e-04
1.916159651940688e+00	2.863407e-04
1.918112776940688e+00	1.902580e-04
1.920065901940688e+00	1.259446e-04
1.922019026940688e+00	8.311868e-05
1.923972151940688e+00	5.465746e-05
1.925925276940688e+00	3.588200e-05
1.927878401940688e+00	2.345443e-05
1.929831526940688e+00	1.528859e-05
1.931784651940688e+00	9.953976e-06
1.933737776940688e+00	6.467104e-06
1.935690901940688e+00	4.172325e-06
1.937644026940688e+00	2.741814e-06
1.939597151940688e+00	1.758337e-06
1.941550276940688e+00	1.102686e-06
1.945456526940688e+00	4.470348e-07
1.946851616226403e+00	3.436390e-07
1.948246705512117e+00	2.548403e-07
1.949641794797831e+00	1.806386e-07
1.951036884083546e+00	1.210339e-07
1.952431973369260e+00	7.602633e-08
1.953827062654974e+00	4.561580e-08
1.955222151940688e+00	2.980232e-08
1.957175276940688e+00	2.980232e-08
1.962755634083546e+00	1.824632e-08
1.968335991226403e+00	9.123160e-09
1.973916348369260e+00	2.432843e-09
1.979496705512117e+00	-1.824632e-09
1.985077062654974e+00	-3.649264e-09
1.990657419797831e+00	-3.041053e-09
1.996237776940688e+00	0.000000e+00
1.998190901940688e+00	0.000000e+00
2.000000000000000e+00	-3.652830e-21
